Euler1 (ref 10k)
dist500 = 0.0157684
dist1k = 0.00715367
dist3k = 0.00180836

Euler2 (ref 10k)
dist500 = 0.00186227
dist1k = 0.000419961
dist3k = 0.0000423084

RK4 (ref 2k)
dist100 = 0.00937307
dist200 = 0.000219843
dist400 = 7.71564*10^-6
dist1k = 3.22189*10^-7

RK5 (ref 2k)
dist100 = 0.0000424276
dist200 = 3.5866*10^-7
dist400 = 2.13916*10^-7
dist1k = 1.91862*10^-7




